intrinsic:
382.80789383035176 0.0 164.7635788705888 
0.0 412.2134891456078 145.76779102466935 
0.0 0.0 1.0 
distortion:
0.041526145479435124 0.08648010755036546 0.0006432751257768535 -0.001309331769031839 -1.3654820826739789 
