intrinsic:
340.7169985121251 0.0 171.83639963343836 
0.0 367.0120840924432 142.51098895957577 
0.0 0.0 1.0 
distortion:
0.06353133864444444 -0.30258115549816544 -0.00038601299820982695 0.0010201730351949894 0.3890080106427821 
